%YAML:1.0
---
model_type: PINHOLE
camera_name: camera
image_width: 640
image_height: 480
distortion_parameters:
   k1: 0.0
   k2: 0.0
   p1: 0.0
   p2: 0.0
projection_parameters:
   fx: 392.2215881347656
   fy: 392.2215881347656
   cx: 324.32501220703125
   cy: 241.46742248535156